1000
757.9544029403024 0 420.571580830845
569.2038748222122 1 802.2650611681835
91.58478740507358 1 361.0574739836072
592.6409106271656 1 130.42279608514272
303.2985858855101 1 721.2169050876664
741.7869892607293 0 795.1935655656966
485.0346279309453 1 261.62148294465794
947.8653606090633 0 394.8234964231735
370.4118725828456 1 375.3694528812982
613.2152331867212 0 267.1344216059104
428.8890546751146 1 578.0913011344704
865.7422852499215 0 856.8630063847495
268.9949546566046 0 529.130776721317
290.75769100530437 0 909.5401367849254
615.8785797848219 1 755.2052561345847
11.654693792141124 1 735.9916197968754
469.22257155538097 0 284.9334360432075
806.6907771186791 0 960.4947743238768
122.81547979586227 1 448.8255257499195
784.9113560871108 1 520.4661572030816
259.82744748897693 1 635.7258696059891
417.9936549795189 1 418.03008046001145
242.61705594968896 1 613.0868717926044
892.4333440485793 0 83.55067683068363
839.7997363118733 0 182.59188695451743
768.4865811972953 0 843.5372177023197
659.4873160508174 1 432.45786130992417
701.3695409686748 0 957.0470026580679
742.3539692972016 1 545.6555157695776
345.83182333805485 1 844.8510885666276
611.0033395144112 0 621.8760509314816
469.57818502484895 1 763.9768748941821
926.4975653113186 1 144.64506732768066
632.2329955787785 1 817.0038598832735
585.7468547498617 0 843.3262052335756
750.5409503856707 0 747.306729409604
58.36976307044861 0 20.849585229512524
935.3135125176336 1 665.4328170561782
429.0209841319056 0 724.2988206562891
259.66376353351706 1 25.939324461373037
579.487658127158 0 523.9726307380682
332.2247805499969 0 992.6006880852335
25.010755222666937 1 275.02931836911927
286.0841802971387 1 762.6841973061354
520.0204889623225 0 701.6142223927127
417.6911897065356 0 257.6606205245803
399.9943959710129 1 588.6201827742321
62.525178716974274 0 553.6400784080539
131.89146337587565 0 711.5468422680244
344.329889217338 1 933.3220430501158
855.695383743746 0 364.0975925133463
838.4903483257367 1 552.2894498850219
54.522655010457385 0 725.661721174325
456.48721979605955 1 711.4047593079196
438.9376756256084 1 297.9257738815433
987.8832023638007 1 196.24678157248377
473.67188821064366 1 523.2794754292152
367.7522136992696 1 605.294659877649
205.72399898108006 1 641.969367731135
84.60930684685918 1 650.5421545039386
283.4208576229056 0 154.136831057206
181.7051884285489 0 216.77303172456286
65.1542765694031 1 814.7777932741401
444.2292101240789 0 930.4933317708139
124.85099308355929 0 612.989361613698
288.8444683529449 0 514.2391908519888
311.98644961854626 1 923.786291824652
116.09332089126656 1 408.38580557773753
940.8038831472155 0 747.4033968541627
95.83730847680417 1 166.91480626669286
294.0790407586785 1 459.4338793312195
508.4614650907329 0 798.6400053536892
782.209236877873 1 738.36283377891
122.21048401400769 0 480.2239728282974
319.27178889971265 1 799.9908798122497
584.7983467327026 0 454.3569240095797
463.25777433950776 0 389.6425902846936
325.9061440625364 0 240.49351508267347
96.02294340888373 1 924.3943144739089
437.503251057202 1 595.85644426149
393.9405794583751 0 898.5769056389505
338.0878087727042 0 531.5312548296218
769.3954072139957 1 983.4241606675099
843.7936071810427 0 459.9199972204433
914.0617905177463 0 37.32994563232373
701.306481771563 1 820.1204546325678
556.20035408245 1 991.6712143829448
737.9150702742883 1 875.1253101163168
973.7227349691955 0 332.8080617073127
767.8277537733524 1 703.2297402451027
713.597000335853 1 481.02862879246464
590.610214862036 1 967.5076282308365
516.1900189885104 0 550.0861969451639
920.0019953087079 0 722.9551550246395
124.11890047615547 1 280.09361254047246
946.9645879713729 1 28.68652447685949
314.66282835323454 0 673.3785822691516
428.9642706966198 1 995.1484380070852
574.9668168362996 0 43.08033997102556
380.752632022466 0 599.4391007632189
459.52878486310686 1 951.7177028267369
908.3779824171297 1 539.2271051107078
676.293452203015 1 358.2384897000031
934.2081525835918 0 696.4722703016268
871.8636870225728 1 731.9052947366839
580.7225688600812 0 108.42767321756097
16.763676370652124 0 942.063231221443
619.8088942564273 1 766.3286177238896
715.305632469314 1 84.95145947069405
229.01587530433366 0 450.04378666900647
794.648571473667 0 600.1545954329033
921.1482252368289 1 315.9744776332357
832.9668467200365 0 579.8011170315273
653.8618867666872 1 811.8987286245525
562.7188764355125 1 336.35052789692645
196.93499637681268 0 113.37863309189022
8.729970103842355 0 646.2661409410412
181.40860769452482 1 209.78611260539515
312.17064782243745 1 702.6197788288678
179.81894864531623 0 784.0890879298472
188.6481713153758 1 952.9195271072768
218.15175998067915 1 873.3596682380995
596.9980871075791 1 302.2981875355706
267.67716621746615 1 768.9563885870707
548.2553095052895 0 177.07949092525575
222.53228596173346 1 808.0467253823205
578.063894774586 1 456.34725129226337
912.3649122111715 1 580.4967996779916
405.66280865305157 1 363.9756078574221
46.17345246947813 0 912.4296150234555
273.3216865697237 0 740.7986794426872
372.449448480221 0 507.99869066169134
155.77380662949457 0 62.250479294049924
354.48599221076006 0 322.32849127764007
523.128660014035 0 725.804895042475
625.4687133677137 0 582.7740674937545
528.0935247295014 0 433.1564195093059
181.5916404880219 1 325.6464972365999
381.9028023638299 1 946.9119213384758
959.4419799371606 1 616.1926205369093
30.197071037248335 1 18.198374895121216
580.3456439383905 1 475.01859201018857
165.34479324544816 0 285.52913178004104
851.4003750154463 1 45.81692081607236
35.28102080818485 0 81.51017833386621
911.7006921989656 0 1.6815620762085093
139.83557092637943 1 328.1512616024367
926.992460674406 1 394.2832606993405
702.914026648032 0 795.323773997009
98.10755589396314 1 377.2134493196566
895.209158949168 0 187.86841055338476
845.9813212725688 0 950.7856720093934
627.5783713622498 0 381.8975163370768
75.66715804768631 0 260.0104116170772
822.4032217425446 1 790.1532901489672
983.0213761809225 0 775.2236645006855
417.60775364151004 0 740.2819562514416
224.80043143486927 0 16.42125867078681
934.3612032799219 1 102.41027966413996
170.61785364551375 0 448.68565532804763
504.2801375924216 1 399.47509150505465
550.333069026657 1 229.5608589686071
690.1299126665521 1 627.6680916892202
907.8005521321244 0 172.89924988684336
741.3134373801682 1 994.2589323495073
61.781152798433546 1 717.7511371043994
632.4120730403563 1 407.0586147011866
820.7043564907186 1 328.3044578475801
517.036232124457 1 379.6252324005681
519.7875993305535 0 175.12187775443545
909.9069373097282 0 586.5766802447451
982.7435792525266 0 117.97066030432323
193.4997827856809 0 299.6079835923913
487.1306394680642 0 819.0960718531674
442.17778729817013 1 24.32865274376439
234.64144804937126 0 724.4158429906901
55.55374747094832 1 943.8493715492494
498.53628441852584 1 582.6309784696058
956.440862690331 1 892.8440993179206
124.70212448132878 1 64.76150496738452
80.00857140406737 1 11.377905446844917
57.61246632608685 1 930.1628868225537
353.50429440625476 0 233.43160689944688
91.24336948574785 1 852.8074771263828
7.800044421045649 0 694.9346060431749
151.69942494120548 1 298.75464637540836
660.9563187851824 0 863.6218871757084
822.2891872776136 0 803.9064004546382
265.5755647632154 1 3.758611093635622
820.0835790043551 0 274.7983198088575
168.5620006304611 1 335.31203786532535
772.6256430376561 1 764.6852630337536
832.577148820189 0 87.09000398803602
886.164918031368 0 763.4496776251659
581.3812550339987 1 352.336186071728
42.14217250850749 0 199.34882896870633
794.487297031317 1 209.09157971506175
132.5308841714118 1 21.147949181499648
572.419767912264 1 480.47949448879666
744.2808106036388 0 846.6819098354041
901.5672371048255 1 734.504347362548
714.3552849113908 1 420.3445241129052
644.7807510863064 0 409.4380801399528
42.34836877962922 1 492.1033501658755
860.2094060589263 0 925.1169605844206
481.77196625278697 0 98.53416335742182
78.85066647147998 1 974.5979959967951
742.1171528099126 1 24.259579731096824
525.6038217289669 0 196.18003111964245
169.30707518363496 1 575.3135106414288
7.078756992282331 0 941.6010955497017
740.7800498760743 0 20.99724347617149
609.3311383006903 0 41.22560251744933
406.8720208145525 1 284.20116767212653
414.85226377235784 0 640.7045911243617
631.4528503950258 1 329.52980026196786
641.9625892084005 1 708.0408743089821
235.60360211500375 0 251.60983723010511
186.5424149393875 0 763.0366753643419
527.3561406146639 0 328.68277068015664
720.3270066518986 1 454.7459056699565
425.3471724211697 1 492.11580515409594
235.24538639140147 1 306.12641596437896
357.91011482329174 0 188.52567964718835
843.9619853349883 1 464.7403812171853
177.86212807877033 1 691.6130327928657
31.85721380047257 0 641.5829401478785
909.2216179973375 0 956.6404721664843
573.8584118041359 1 218.83358409131824
225.19653222365378 1 532.2470026446379
301.93790663283136 1 939.2214396962638
962.0921323106542 1 822.6237846927987
123.06408757873788 0 874.8822963273833
525.1745077282682 1 800.0818107291035
264.7601430534963 0 57.57196886774896
725.0629403792859 0 769.7203385618011
495.31023197041424 0 732.262345797987
905.0618497174403 0 970.2050629076028
89.92939766491159 0 719.3504470429501
191.53547903595324 1 710.5755817131678
37.02945973209537 1 953.9016955785072
354.100360898846 1 701.5894191243062
27.446005464363598 0 530.2014273549763
424.4028855302011 0 450.763594829206
383.8516681935441 0 578.8187270355666
287.3155584249152 1 69.996263470414
516.676816253458 1 720.6106286986281
338.0207048441407 0 348.42982042859416
724.172897086241 0 798.3600681836415
582.8089181815483 0 604.0786376470286
401.82523379488765 0 157.11923362423775
660.1491077426456 0 734.0547261981204
956.383404781599 1 291.9642294988417
407.00653095320615 0 145.90561130953438
500.9880457144622 0 410.07711486517786
324.4094449318418 1 636.16332259269
310.3483425994181 0 366.0003868866667
411.2963013466758 0 269.3250442393952
154.5866201184285 1 531.6889914169161
803.9878945759714 1 90.32534387304835
71.50614960516111 1 407.36319546997424
986.5742698026716 0 30.282997902458362
755.7043025965446 0 408.5082372051484
337.94187459110583 0 829.909010063456
546.0428535426398 0 517.859087635637
478.06455812793416 0 314.1032567905361
541.839977217115 1 675.5639769166659
21.88122603895637 1 959.2727522803665
41.31971136719081 0 420.32382519976574
26.348820959952945 1 66.20327197164522
357.8536720072942 1 79.30411942726911
654.9429547451992 0 339.24589810556995
358.87999879219234 0 652.2419741570767
665.6538667775878 1 593.7031823347628
458.88975537939723 1 418.6950925315903
570.752320658137 1 371.29066554689973
69.83359305748415 0 939.8077708783335
919.1213785634038 1 216.88868598950094
497.6866936537262 0 40.98106536418056
355.1577015761591 0 924.5868105600952
447.4524606463074 0 748.7195499049891
306.4901773071117 1 117.07376275656334
939.863984774989 1 479.97775464274906
136.55536511214171 1 528.5504972440945
821.0570013451039 1 369.30863635740576
387.618739656449 0 586.0808451365341
72.46152547555317 0 692.7695875627909
313.5931138968396 1 118.8642527823186
944.2953057068172 0 794.9452082507685
810.259161049453 0 185.96971096273063
880.3217298593092 0 593.1091681564454
733.8658767422517 0 977.1112241020908
765.5749640788046 1 149.9994670227106
469.64705820535323 0 231.05720803493935
33.49987778331753 1 928.421618035184
807.2191753200085 0 470.040174706719
944.5560494670581 1 253.54834177481743
748.2213750222377 0 983.0787211860275
554.5917425105979 1 528.960400668537
591.3551503417475 0 187.55117068242765
344.7098580560785 0 1.4948955961350263
626.0429605799308 0 908.1686175864144
474.84990909204714 0 189.0132636768882
240.1828092992585 1 740.4600172855377
207.23979493158805 1 502.6224170037278
574.7675118339918 1 390.81690930745947
916.6860172511548 0 787.9314362240245
765.0624714226113 0 296.3287571107015
148.1456828624944 1 399.145196045309
297.2190901668812 1 132.85016415496565
188.98894386600585 1 259.9430394413056
257.18019697856045 0 70.97619005508571
656.6308839758716 1 32.395800487268865
969.3332662214505 1 426.7427807854734
456.2970333655607 1 175.74261130868462
691.5330172621285 0 335.9365017359065
805.8510865750748 1 860.9389142190971
19.938198512924 0 752.3369296285649
453.88847142879195 1 752.1769361184851
902.7362310784824 1 40.61115375761093
510.54686031766386 0 89.00235919766708
390.9431854304157 0 374.4572591907075
156.0366978069553 0 236.60039367371922
136.47271411322248 1 307.8785915132253
716.4087955533945 1 967.1292432806156
564.1494104381485 1 973.9977934572559
473.0923943884803 1 41.49522486761181
838.2378631636524 1 444.9490929190613
465.75671048255816 0 753.9790725674575
308.81496154924923 0 335.6598110642953
934.6548918561804 1 401.97650760905356
871.2202546838151 0 247.92790316235002
521.145355169451 1 765.494879927473
353.13474547683035 0 983.0619126886116
554.7581895905197 1 897.3762197921727
0.9728206060347633 1 449.40504830427017
774.8236041515295 1 533.4091478207317
499.8738828234268 1 519.7340798397131
412.2144526281671 1 466.98539328643585
833.3241788957691 1 823.1185945902611
575.0769234814105 0 988.0606198917429
568.0447145069286 0 150.3104931200172
209.00635111058529 1 73.44242982651261
499.3911889231125 1 992.9834673134122
384.448596107592 0 290.77113337875016
5.7735827906761905 0 999.5498389755326
607.8943233300282 1 940.5241125732468
599.4460766727722 0 743.8503122981881
768.3323166152662 0 183.1722349760826
502.2716852139203 0 293.7232534977695
802.4948625247633 0 401.54256556917613
322.10075652913326 0 271.6670283607929
143.32137064663465 0 63.40687470740514
88.80166990483063 1 800.033395927868
197.8269374866749 1 669.8044843702685
110.47179710971078 1 379.0890078068169
471.40419379593976 1 254.39847566204443
373.0591456288764 1 699.3664880289203
207.08598488018848 1 742.7683123292691
955.2509598806395 1 403.4906743714229
306.52956845396295 1 916.6618709371082
748.9797306935787 1 398.65877031196175
924.5234224483676 0 506.67582194111316
826.5031951344189 1 536.2986114460691
91.97247399406938 1 923.1661111715207
923.9326991821499 0 762.9058893668296
487.7879822465444 1 778.7205734910724
945.4326743641889 1 692.0000381651652
581.7728493463981 0 38.08170705710978
992.4902303251474 0 903.1404503561511
626.4504703166201 1 908.5377437627245
598.6729891183862 0 411.24266841305644
707.5048162134392 1 839.1317855231349
116.50799127137046 1 661.0370631985935
155.43511299997868 0 505.6084899649279
365.18340743692966 1 700.2041446972157
471.295917710334 0 162.33084845802136
502.7478195306947 1 718.0192244390737
289.82312015120505 1 405.92096523173126
195.77693595552304 1 511.24068925536983
329.93057952820925 1 564.5529062075016
471.32235745735665 0 576.1872904573859
264.1314501912191 1 339.08317406419997
144.9448558108529 0 479.92281697074003
47.95872258151168 0 532.2174783125627
828.1044401022094 1 395.33045530843134
687.9726082269291 0 536.6494539533045
204.09249544135076 0 922.974450781984
347.54997762674213 0 684.4177158043625
574.426157727049 0 414.9248566011928
943.6955415400704 1 968.4594570276145
169.2086827673972 0 713.4512859051842
460.1239085893132 0 805.1128528330022
314.4964439325418 0 902.7272910167856
246.31218872973827 1 702.7415649456742
336.6527633446301 0 941.3158306893162
279.95314937443595 1 260.9261688308153
90.28307642548994 1 460.71537420905764
427.8642552813796 0 603.6409769080677
156.44113504510727 1 612.9636691220998
561.9011167719652 0 787.116369701199
101.32871141795586 0 822.4616857158982
97.31586794438441 0 642.3134536859407
624.0999053564593 1 35.55812526053048
931.4454600650083 1 890.6798064950923
184.57600450050737 1 711.562512232805
928.4702868531577 0 783.8019460097203
829.3874995379132 1 286.6415421830788
265.0057296610313 0 556.6750484443162
150.08692107448073 0 910.8483375545313
685.5252828898944 1 310.6246666434338
26.030058614525675 1 195.20916494639195
864.6371268516342 0 788.8964642437795
181.7356354071371 0 549.3510939704287
847.1284013131448 0 826.6605656071401
246.65091780030423 0 277.59570027956903
837.8639966830773 0 500.08768275046845
40.03380048552141 1 387.909123941943
354.4329711273474 0 300.47499493971543
129.74413400465767 1 283.0207821861799
673.1171219152886 1 364.49753696178175
865.7904556599825 0 493.9656381711477
292.13970904192945 0 320.1309589423408
163.48162695910452 0 637.925384674066
801.932645470555 0 717.8105424255674
89.53453728444049 0 345.98682118968827
333.20645787221457 1 740.3135325856837
613.2876337730657 1 487.947596624173
848.3576033386952 0 530.9515480164258
970.8256648498821 1 342.63059512273367
661.955163908085 0 30.246825179493285
777.2841753355929 0 924.6716030953862
63.99749793762899 0 805.1889526226955
675.8798472348778 1 75.40975541221673
69.33205962465905 0 196.5410440455868
516.4826250549239 1 868.7627562196831
480.59009595723444 0 398.255186000971
98.76442593813695 0 27.655617344445325
556.7696584464555 1 505.0301616268841
329.0458344771388 0 409.1603999785679
751.3079723921277 1 796.0464157254233
920.7111656925576 1 401.42644713729504
772.6647141958935 0 610.5904687243209
21.283705820617783 1 646.6311508688478
287.81469921199607 0 309.1356343361551
249.88323509607312 0 392.91123060143406
765.5147354389726 0 682.6252314758714
679.8922831215843 0 15.421320476970092
249.07206831855723 0 947.3270497769977
209.4630166228566 1 714.9816631260949
493.69571318287376 1 863.238229144723
592.6904091884762 1 477.3901010635553
371.3227037818526 0 670.0287740125943
399.8061160323243 1 483.3204050804366
587.4902587179757 0 537.245613723349
382.27742802878504 1 563.9965297797788
966.5873085424435 0 435.2093219057409
996.8366499425628 1 552.0199780852147
606.4434314598627 1 439.3727188235433
400.3563362927839 1 744.5386276924592
722.9211312270764 0 481.54889603419605
759.8407571510967 0 562.9729748382961
971.1480052295948 1 967.2986893841038
782.3217024762541 1 554.379455015472
164.17099198551654 0 858.0466554888052
963.0458594980614 1 61.36338288225873
122.74487534465828 1 189.3593952413891
479.0014133096192 0 71.00972551815788
380.75222118472294 1 587.5323496222379
793.3141611413242 0 666.0016943110433
725.7780905521087 1 182.0307160323432
655.3261227679717 1 722.3501761475009
945.8296984097079 1 988.3724051418434
342.7618075447464 0 6.906497274783541
972.4368754709529 1 407.729864088054
0.3834426675178859 1 638.238501266489
685.88259512405 0 275.4972946945943
898.0732340659246 0 302.7610458857645
836.7460008772299 0 115.05185456010913
544.6987936566259 0 508.441742719855
567.4383032997215 0 685.5720973827255
893.9149709408366 0 658.5976193776564
881.8964095243081 0 642.806245522509
263.75440569374365 0 7.6460841577837835
443.2209456307384 1 40.808929040129
148.16961258748861 1 156.92302944677073
174.14544887442284 1 251.37749448046742
314.706026218549 0 934.7163069270855
509.1452652610544 1 740.5787846360267
616.8177905128712 1 506.24983668346744
543.0024525098048 0 952.1947395690084
801.6482695580554 0 470.98437566635664
870.1908764774103 1 941.0594574136883
683.3489980145844 0 972.8252354711219
18.99514367312072 1 979.8725909549051
188.15584410730014 1 534.8366431550447
377.1152579897552 0 765.79878326035
597.9488265320422 0 727.995021888444
415.97684927981015 0 805.8354500516677
176.9356559998625 1 853.8920916595539
949.4675437116506 0 578.2985647658192
628.7278037791057 0 240.9226792997311
168.47683958858707 0 351.8559093040705
151.75285454060094 1 722.5573747763771
823.3244461630724 0 366.96912948509885
256.8563732825969 1 299.4148305095833
268.2974218085721 0 573.2217312948667
877.2948653818444 0 575.9799997959541
494.84089068440176 0 100.77522144911855
210.11513424812733 0 164.51996343272535
763.709257689006 0 407.3669247866943
453.43650968264416 1 144.20041623355306
814.7276300136499 1 141.89661540440613
204.97884699533807 1 987.0492712990124
109.81624299365755 0 653.9080754527961
273.8897201174673 1 282.61703936542995
540.1194378327314 1 768.8405332362787
960.2173397083711 0 985.9099661234924
521.1709019193144 0 255.36156126795305
28.294123586250386 0 330.26004014057975
60.405790296968576 1 863.167802957136
0.36041333051217705 1 308.8312093267132
234.19278402794353 1 774.22464531418
804.6473154779683 0 377.17668829332405
965.3946832645129 1 577.4781053506887
474.56968540699194 1 804.8923698871549
213.60561389367095 1 56.06514435828802
787.1293078079159 0 676.3583254841864
817.307642154383 1 567.5921090311917
744.1638318721907 1 828.7702071423944
105.68978448506583 0 809.9871170321815
993.7310497194462 1 443.32160491184146
655.9713454403006 1 146.871105534639
171.0182852358041 0 370.35887881333485
889.5339932395166 0 198.71412559435808
864.3413142781202 1 390.6262270501032
630.3620899660351 1 558.4579919653501
992.2594372165381 0 223.07854176891516
296.70246726342566 0 791.324789819586
191.57033973022243 0 556.2021359276627
28.827588767046166 0 318.14429613392747
5.160789699663271 0 375.7056679265125
112.31847228204572 0 421.19939020730766
90.5200501227006 1 780.561079720535
106.54813281761687 0 611.6374176826903
628.186105878307 1 718.8080838755421
276.3706251733401 1 395.0329638554997
75.03740268442138 1 268.5155668438457
798.7806352547495 1 505.59675573129357
470.2293139916598 1 950.8846826994715
471.32891569865143 0 705.3615403986228
15.257605969342336 1 243.00273038320043
742.4084549742744 1 662.4970622415993
25.567400862934853 0 135.4627642987426
172.4321534007861 0 361.09957794793246
274.54498530220894 1 128.17478598075016
187.9487782613578 0 626.6920013080241
504.57508937840953 1 678.8187292053535
848.1320162463555 0 545.4669523496051
605.2442409379609 1 435.17892657022537
476.3918276053054 1 462.1447995587515
179.34073925253026 1 287.3674198927929
703.4181346661809 0 778.5749054135955
647.9990259201523 0 173.1673102494202
197.00228945380871 0 332.52678107751734
802.52725872199 0 986.5088490968943
556.8335199464098 0 794.5901178486296
318.7496399533154 1 83.02957462841998
35.088602732762595 1 801.5859709924432
334.93499502763535 1 331.5940891488044
202.5497631327703 1 331.85581154953826
258.3233555144557 1 115.05942507277555
397.1453153863187 1 254.2997693694985
942.8113864777209 0 65.11994742612848
571.2064321974352 0 985.897996287077
747.0798113423244 0 671.0635558181446
195.37691028404225 0 592.9522656391988
349.8335830994496 0 80.03262685417111
163.45093153874157 0 572.4996607566878
941.7314112235628 0 823.586035430771
953.7514286576292 0 80.87536668658967
182.19486838149547 1 302.6898944532076
714.8702814482117 1 116.23883128770774
287.4436132398687 1 141.7487678390088
143.66407003896177 0 498.6819572473203
86.0858464243739 1 895.1175599430732
117.21070676929423 0 988.5741517320247
965.3840142687161 0 651.5140499494421
295.8018274608988 0 25.83412011595543
338.3997577716653 1 226.19481600261716
985.1390127034707 1 538.6042333223423
506.5087237448015 0 443.1305217592796
468.3429520195893 1 510.19178451273285
366.9947634973371 0 656.9887979706124
468.96257015476664 1 622.1938669184925
347.1422839379803 0 510.6951723348287
152.18163227807213 0 174.69254711001804
961.5309697043446 1 256.7314462831375
665.591617921604 1 452.85907028184766
342.21980067969196 1 581.3685240826504
344.00576079150255 0 439.47374187644886
685.3792337122567 1 546.0258777015881
185.05326907906982 0 529.7884250836655
550.9189633210792 1 324.9553400680429
202.8639160942921 1 384.79184932811705
882.8451303721448 1 921.3550048667532
362.530087428315 1 434.20269831935553
978.3245530427404 1 110.74765125885611
664.183265604281 1 204.22941972600972
41.88544433307795 0 638.5136592952025
407.53540625543604 0 956.5629064343934
629.1191215438155 0 953.3115150512383
213.71480653999896 1 552.0384431165629
126.08244857322504 0 124.24045635128212
231.19906784906763 0 684.0136065633203
377.6045000317577 1 659.572859528498
688.679273783767 1 522.3663733658155
453.87551838820184 0 267.40061730425214
671.6681636203916 0 181.70505345732334
739.9775396955529 1 472.78922531929555
434.59961941567536 1 468.78444111363393
616.4955468752597 0 518.1675356474339
59.6412046315985 0 766.6255570636838
377.43824847434524 1 771.1622496149553
900.8864017733699 1 243.60768656256027
253.9598911895664 0 607.1710357905692
774.250918044128 0 224.89744439833882
731.8988709739173 0 106.491872120423
93.23013983513984 0 556.0311133627054
313.1287134391716 1 848.6619288162643
154.84752449819194 0 506.2199676384912
339.1785461226704 0 210.26688943051454
232.4384521454438 0 532.0025759605877
370.499871598594 1 919.8723646829444
219.49595696702107 1 736.8272469519314
344.33661981032236 0 762.0868428590113
921.7488534041163 1 808.705858915866
198.8949050490908 0 871.7296059970978
473.0932766668062 1 928.4463625787358
683.8264066875876 0 146.58952772169488
664.0715111464058 1 178.13142432086582
945.682250057499 0 583.6422225199678
865.3279127041187 0 504.951289902203
763.6018731717978 0 341.01248177832565
316.74500131044425 0 890.7018162744216
622.4419709519624 1 417.3865897667017
731.111023774791 0 615.3252437886683
649.127439185989 0 881.6620586985559
570.5166929751357 1 547.5955082677815
984.5994057194667 0 356.6504601477136
664.2572856220008 0 168.512783052991
829.5417469946617 1 128.9481351449362
525.2599610293297 1 822.1012393455923
987.8424024403568 0 579.9712998446438
626.2942278000457 0 729.7700914464122
188.67435519770493 1 0.5380582225380515
570.6145100955538 0 47.8522668776763
789.0473324961974 0 316.03516081995787
283.34310697790465 1 643.7210032296183
766.1397567367628 0 194.4066138095052
672.3575714282729 1 755.8310507189522
869.5064367045636 1 310.2264689940293
27.0966830877285 1 295.2947039481593
441.7997382684374 1 772.7424998152759
933.605578761193 0 744.636659166414
505.8558616407338 1 373.62869252630804
981.8462275216218 0 377.02524240594727
560.9452384290589 1 661.0670567784776
120.52542730000604 0 426.6755816755329
600.7531324051704 0 495.77236655372025
737.400376736741 0 413.5167236325288
832.4702187065956 1 691.0258192893508
106.11459772178222 1 656.0533655730638
446.9047813237649 0 184.43845234402144
83.62250090818912 0 996.2778313610314
806.6000666110943 1 405.1698726073525
821.615538255384 1 666.4117844588812
643.6367635845994 1 674.209692543813
887.2262635751689 1 1.75931549368602
813.5850977460503 0 90.3136695083573
851.2415035672681 0 132.98317649145298
699.904645349576 0 112.65947608202276
200.02965316763144 1 51.882992652682034
753.8762381475823 0 920.2055039469009
659.0746313667058 0 436.05621107565105
810.58930550033 0 83.43947861044975
983.1220007938028 0 679.800077076194
955.7212005417176 0 822.5483641849902
322.9066280248275 0 394.0679524050612
863.9951298596583 1 1.4544346046483358
720.9771086536934 0 974.2076037716047
129.37229948967766 1 442.063286529788
645.9215353197483 1 929.5351514960655
241.1213039011425 0 659.0468728196206
856.6766327520111 0 770.6897310514119
998.3955228971815 0 245.73526932238798
837.9813003203282 1 796.1639273882846
550.6327603434759 1 265.82196930885027
985.9082064336844 0 916.6131721626434
240.9883805472739 0 783.095260289649
902.584375380157 1 448.19588735579083
499.3583940210815 0 111.01516177332704
136.18993781168075 1 892.8786946168982
318.1093495691639 1 478.381000247601
717.923579664483 0 566.5616713840499
7.83410143280272 0 307.906342033053
663.1071989786581 0 735.4905121177363
605.8953153544126 1 929.6431417418427
861.6570371678441 1 742.1804802998658
53.74991333241941 0 107.41089412723726
685.8348366326053 0 447.8448531872622
392.76955796996117 0 424.9927278777416
622.5459240348049 0 491.5769851549694
636.8971935224862 0 365.0080746350708
69.96083968690803 1 320.3997844623262
149.2225069834633 1 783.8182168785124
467.1301747984024 1 782.4234161512092
677.9449742521574 1 885.6821713590374
753.5164924729332 0 224.86747712506727
966.9863261167419 0 111.76069586082494
12.691995113397914 1 192.97708468315122
729.2194471791925 1 184.12340253867032
182.2807215499076 1 891.2703732599925
204.39827641768193 1 193.55133729042151
754.5988712003896 0 717.4339377241104
497.8048656070012 1 1.8554222160600542
753.7347477405935 0 958.4011048769252
518.964216537726 1 695.8212604733638
440.5255306945657 1 622.7914296909541
874.5401076637751 0 577.6670998272805
122.30214191664935 0 288.89650082578055
698.3995403037467 1 895.9558294294986
856.5836652062823 1 649.3836763490553
908.0422344591192 0 451.53683528503916
787.7576072656233 0 927.4527502978572
798.008599355968 0 22.63489771157745
69.74167429648648 0 38.316509998885365
571.9575970564546 1 4.213006707893929
92.51991104118507 1 734.9952322170886
743.9725227058884 1 352.57363676350786
842.0704740467716 1 284.52827211407737
832.1149015864971 1 724.7322345376796
968.5762473290143 0 137.19020748258038
583.1815300512116 0 40.66871869401323
783.5881824593253 0 817.5092662576399
691.9422050392849 1 548.2343909661763
500.0707444362241 0 396.9495727903584
946.2482677990864 0 118.45017805666558
180.62009624878363 1 323.2491411620126
675.6073000636939 0 446.620730721455
427.17994852923624 0 992.2626930598849
996.397904935384 1 322.3549201370445
984.975277708363 1 337.84233326884515
71.1875179137862 0 865.2152144982387
743.3297000632731 1 887.5590349655972
332.3996313045622 0 64.55780787030984
870.1466267647821 0 617.9814775709063
532.4702500118045 0 456.9742023204131
62.907917902279344 0 807.8807855486118
978.7393848460857 1 75.94978749517733
104.38311742319051 1 337.64708120356033
614.7821305749711 1 675.6216751107419
981.2166330071766 0 389.690140256427
970.3221060050989 1 120.47464376943495
72.32952051701625 1 891.7922036078788
479.0779221411576 1 421.40785063945384
826.0555699389568 0 222.97015300949053
107.02638052212698 1 478.3531443021638
262.57323813869317 1 290.7588027155298
164.1103298241636 1 632.465765639756
176.9721203080429 0 776.6903300002745
153.53390705328306 0 465.1794462038996
882.4911402663879 1 966.1481794313289
496.11250066836976 1 365.1636147092265
11.88246994766562 0 819.8679355712225
888.8589666901754 0 881.2066328812987
792.3363268675672 0 727.4656198504035
445.8441245972824 1 991.8883991882074
350.6219471131806 1 761.6240227238844
402.60207550518277 1 502.12719435512656
706.2918901940285 1 320.5236109842249
248.06248696343124 1 148.83745383414603
253.59808891182888 1 512.0980095584188
195.87444106884578 1 403.60335458711324
960.4656621598841 0 607.5525286574502
902.4282484084279 1 391.3515056663931
47.398334102099035 0 274.1341416192273
476.5869202616012 0 496.03632205650985
933.8084221695055 0 9.157678646776857
706.7893865563044 0 35.75565286612192
452.5005574964853 0 83.1372923218311
594.1633508464981 1 206.51098973753446
509.41910375005193 0 107.73034321589958
96.86195502150419 0 28.511492135445458
162.5335255390179 0 87.08002646497314
898.5227827287821 0 494.732947386436
481.723550969288 0 617.8832455726293
126.10952616904758 0 479.559872924695
277.2172274359457 0 41.523981154349855
861.7793593064805 1 379.46093436448416
949.8644291720726 0 47.43338728498991
205.5326503165329 1 113.80486786983701
550.6448995048661 1 318.4643971204288
186.52919298632364 1 526.9387320191823
686.3901425920733 0 87.85528658715947
218.94578523683018 0 856.4030682530515
8.80242561201161 0 301.4121021248014
737.3642854387663 0 758.4298786919189
452.7878958729131 0 284.2526266033011
912.4680636836754 1 186.60072081416567
878.17023725883 0 165.92036050734148
176.10814394615082 1 521.4284250674775
397.0105097715962 1 908.6253174761964
21.328812838957823 1 594.6801732363103
824.8867700020788 1 245.0327994415944
287.41722583012097 1 614.7934444802002
607.4998014190924 1 890.9817219634025
608.4468314073099 1 345.12645626797087
534.7537794676775 0 789.983745913417
856.40624289839 0 130.32597522269006
341.97921988825067 1 519.9370644297105
304.310521186192 0 361.25766441877613
968.3805180928467 1 398.6008042359903
600.3449475068398 0 240.43001355298054
545.2473636752674 1 41.71075779561151
642.6460592229854 0 736.8265784804702
477.8696846611814 0 892.1592097061817
826.5440261365183 0 488.4727270203176
146.06538208893295 1 79.26259362051825
299.2626463645742 1 844.1133885983198
687.7828818700053 1 233.76848753820235
345.43852441356535 1 399.8221876628183
503.04100336558486 0 902.8532447532344
356.63191659236224 0 169.15035328585182
889.565730065126 0 223.69374018770372
955.6614829380906 1 366.9258662904166
18.495936386396018 0 694.8303572991341
445.22239352899015 0 807.5761391023237
584.2710934907708 0 815.5094077082875
838.9915770163127 1 637.1203453409734
911.2324298092515 1 456.8634670309977
214.74835703482054 0 968.2242342370707
488.0542768081735 1 562.9770315026719
703.587753783091 1 703.1516120021464
105.75138601060885 1 598.1860380979605
302.5934297462407 1 62.920216706010336
118.76076078058905 1 902.1119934396172
992.8953487323377 0 397.70108597070754
785.0592912327824 0 804.3174676927115
667.7649099596763 1 856.0048689013801
829.2847160178437 0 90.5374476218862
700.0626646732478 0 456.460750810883
432.1133402194979 1 492.2945383796772
304.3669750049499 0 295.6364731828592
335.3969136249706 0 788.9902629017743
861.2147193144749 1 262.37559437336364
767.0355209198859 1 223.65113919806822
658.991356900174 0 436.44223205563657
347.2399499954575 1 432.0120280123184
121.89666241915698 1 939.1467618521118
133.53291651488698 1 83.66380698961929
448.989152279444 0 679.2954061098488
625.3716610418878 1 77.66497039685738
539.24521724098 0 960.3208804310026
930.0284272182296 0 29.41642218099927
511.1350234995574 0 830.8617385200401
198.00759120616507 1 144.03344206905132
638.3201886638157 1 839.8782534255988
147.03981078407847 0 558.413591318436
676.0724216543159 0 237.11903852324767
447.2874436157491 1 35.28395571104792
557.6808963770458 0 111.00702621660486
132.5658066899088 0 430.096749122909
670.8226842190124 1 726.6800351719914
353.8757813375383 1 21.879949281944256
747.8707127184007 0 805.1212454469957
730.6472752932013 1 467.4566121464141
789.9472478709888 1 432.9811323095627
951.7362629025959 0 775.4045452278008
787.1141846387326 1 362.56081726456335
92.30094950014566 1 253.72185535426027
170.63716665962014 0 447.58680945337494
695.0926381463114 1 851.6070991158797
165.31709082113343 1 568.6838366170127
842.7757824934104 1 493.6816838703846
434.3805309212886 0 919.816939640229
503.0857962333788 1 425.5043426255501
380.2780768863423 0 818.4380173424514
431.91139090034403 1 445.1032498168267
609.8713583219519 1 179.66250822801598
854.0882640297868 1 283.36523399455695
276.59789866353213 0 235.43298072754092
753.2919295591962 1 664.1618587775812
209.88921740647947 0 660.9768745054754
493.8680029205583 0 760.735151769785
427.45651477157963 1 826.8714513618057
583.1789680986922 1 168.65729035302635
791.6851718708408 1 751.2726506376748
126.10694081403628 0 320.2913473036876
76.50697784180593 1 568.342556870212
374.72840217897397 1 95.39588287986123
659.8161480917717 0 114.7115125021686
646.9351100516283 0 400.5093684863301
672.221836844975 1 82.4417120991532
511.795404529486 0 603.0513711499193
347.02267376786557 0 538.3139214038481
268.709413664613 1 585.1410313069429
53.77025830841442 0 153.8930854903099
844.4777011335158 1 184.52420654288537
663.9800548363143 1 649.222231022863
778.625977334794 0 86.83850329198917
390.0689699626992 0 715.4956524516957
188.69667172463534 0 414.00646894921545
16.15579036990411 1 863.4143974062092
300.2790570477848 1 784.0770761710077
311.8632718679839 1 316.6380709647102
797.1426809335255 1 997.6710237294897
52.68922514894858 1 650.5661947371409
714.9434245085357 0 145.1784399808651
285.6255043215137 0 560.7129619795406
407.7014673525129 0 150.46245859508213
350.14997724598027 0 80.53261491768937
506.35910724828983 1 817.219815580603
155.1095664405522 0 370.69946199539095
457.6039468258891 0 689.3585130554997
41.515633301565494 1 854.1768022661762
853.6416301845956 0 806.0545520532002
87.17629237118885 1 107.53909641282355
407.0406745257652 0 141.10617173215113
530.7581057166191 1 849.2787762384118
471.4659845559116 1 760.209214639566
389.46012172771316 0 559.4816473974805
861.0348775207692 1 675.2184891177956
558.4485791824567 1 15.829709630126532
248.36468698360113 0 26.546165913039598
388.00096550030196 0 329.03781661381527
982.4172104600782 1 425.3097022478615
631.8182653213481 1 609.651978436568
499.3551401115862 0 896.7982730385153
141.46999432980434 1 233.91346133902414
946.9107111504949 0 2.389662864327957
529.1219244360008 0 397.0529492095971
215.42815759850043 0 704.8847430843376
535.1279056942872 1 132.22729931641152
313.0088815026616 1 509.76140453104347
337.63886762999687 0 652.9236644246297
711.7368403696847 1 751.8969176248988
691.8102150903594 1 913.7456667161678
770.5455048787659 0 30.675722918847903
664.4816351431581 0 644.6201117294785
196.09644780593126 1 792.4791409585628
254.8497753040714 1 915.6101737670435
674.5360497328574 1 456.2926530031861
232.00112123908633 1 698.347272360129
570.4202506958264 1 723.9464063499374
454.5130972988818 0 615.3373375252125
149.96150451588997 0 738.8146420140062
181.5671393964736 0 777.598039805037
933.7070874119735 0 616.9582897686771
188.92791204983462 0 640.0491849360178
551.361159783906 0 903.9028576701935
109.78962793756509 1 898.2146348357309
566.1504838727503 0 654.4226217092029
215.14818934361867 0 889.3834425282048
556.0260902594122 0 934.9126746970024
494.8702106131779 1 448.8236955685262
333.0437366548284 1 572.1949002739972
215.71255326192306 1 426.9479800295943
287.6389754901053 1 991.8733878061773
930.8585424723378 0 997.8558983459604
700.9548553136905 0 854.5178182123401
228.36726149438456 0 913.4784914080645
537.1297330194803 1 215.9077031972545
599.3336740794742 1 926.6977341437015
513.8376549031339 0 779.3752820227899
701.9444830471624 0 60.269718201371944
740.365875397034 0 189.0974629248199
643.6126644587644 1 302.1486724053071
757.8367076291559 1 401.69347675337576
185.72607480226822 0 215.7628096793045
312.1646194062193 0 992.9827464685791
55.05988849385146 1 351.57304915341183
838.5493633966388 1 84.74965006308699
883.195434156013 0 590.2377707639112
472.54028273442003 1 81.35385030102216
998.483726521857 0 367.0428396746282
970.5411186634158 1 83.11395616858997
30.985340601942358 1 279.51179479944864
608.4278159393327 0 572.5863434747174
782.1524079157388 1 299.2181251323298
726.3635118708112 1 790.8594555465987
460.25625359803746 1 184.2649749627704
365.7243162279661 1 859.3994976011545
911.4368117031248 1 146.04711191537623
760.0141314627027 1 553.5281134847992
819.9000454541666 1 761.6749615373606
482.613548481041 0 227.10646021580294
448.08981046017607 0 279.7220883813018
479.4862266788489 1 601.5511045801833
896.4540278352238 1 567.7871374320627